719
828
193
498
355
295
791
820
488
558
733
335
793
769
181
240
276
642
435
636
626
44
214
615
107
296
755
542
511
811
503
982
602
83
887
29
640
672
97
697
46
455
20
713
66
803
527
672
254
246
116
429
982
620
345
384
683
587
182
44
527
941
98
284
288
80
83
456
673
612
116
597
17
119
389
758
352
648
597
689
56
735
904
900
901
357
781
426
140
383
752
432
393
980
256
237
542
426
215
120
491
825
664
820
588
399
712
536
892
916
404
693
791
211
624
910
514
645
994
970
963
841
780
813
901
963
288
163
884
299
875
492
634
68
656
823
393
762
162
925
628
629
848
353
981
300
73
938
616
48
159
277
280
505
746
875
248
234
33
799
943
951
547
726
534
922
374
520
911
368
12
726
637
567
73
479
15
827
892
753
178
196
538
57
355
477
243
106
574
910
314
321
55
500
579
436
137
874
987
849
161
386
705
980
843
885
19
157
872
696
713
317
95
980
166
180
412
891
146
256
819
656
666
560
105
915
449
717
789
585
355
598
577
588
172
591
961
981
293
110
140
27
488
932
204
976
711
607
665
619
52
81
774
626
288
539
653
315
249
446
387
444
13
450
219
179
347
149
690
592
239
335
187
544
130
678
540
103
657
581
605
212
954
286
408
727
248
204
277
453
427
797
733
375
468
306
149
857
17
34
159
162
274
976
682
240
372
35
847
540
678
57
541
111
190
762
429
97
957
426
164
514
787
41
197
878
731
846
118
176
841
759
617
447
481
457
310
238
893
797
335
929
301
392
393
102
584
58
127
827
885
261
971
111
727
550
575
336
76
356
472
84
692
577
402
388
446
834
733
950
689
261
678
778
796
299
727
21
919
72
421
978
504
442
942
552
731
121
248
541
62
759
327
779
181
302
111
208
338
455
843
479
669
587
298
130
343
15
57
700
598
59
203
784
511
137
238
376
118
463
542
517
817
964
966
792
470
418
57
774
250
804
228
228
550
493
844
488
406
745
359
191
568
823
885
154
296
937
538
95
22
19
383
555
573
415
530
299
348
427
966
224
787
656
884
818
957
143
978
6
405
370
895
190
517
214
252
396
640
137
917
221
650
959
164
511
412
889
899
698
507
434
934
793
908
428
232
232
804
304
370
878
603
352
236
763
295
805
492
222
691
191
930
538
776
511
883
358
311
591
892
464
124
2
601
963
4
817
299
182
900
764
943
58
262
945
536
304
593
909
558
960
169
503
966
615
472
440
543
975
411
441
661
201
640
230
605
797
226
681
231
770
828
985
421
126
33
636
108
712
881
769
711
67
816
414
852
565
105
865
755
219
543
649
358
978
847
122
292
557
101
156
5
388
58
9
45
506
614
814
180
879
589
39
360
822
142
448
706
74
579
292
652
182
4
529
57
925
170
160
641
562
341
27
404
827
306
598
602
872
653
728
953
372
523
487
116
366
342
815
44
651
843
864
5
773
565
556
907
42
220
161
484
308
945
369
259
704
174
683
696
822
884
664
897
387
564
2
125
884
545
176
117
172
616
937
602
515
777
689
574
273
622
365
927
809
536
417
905
82
0
979
234
796
540
388
274
963
588
765
637
137
261
614
534
611
384
830
909
566
469
923
867
862
58
785
74
238
930
685
935
362
978
919
188
260
986
831
926
442
651
767
831
154
87
918
109
92
646
868
926
46
527
120
688
916
559
802
932
747
6
355
156
440
546
796
618
114
645
42
348
148
417
493
877
252
676
71
944
125
414
669
336
560
925
43
174
232
94
6
667
617
746
883
812
87
966
180
922
378
116
343
927
361
838
901
266
257
958
977
818
144
938
664
868
26
6
696
121
370
338
282
989
592
628
902
100
585
236
562
348
114
591
806
537
520
97
657
368
984
588
517
753
264
723
890
969
684
973
889
648
8
754
178
891
497
169
327
839
635
167
284
737
586
511
922
280
674
757
581
274
989
654
738
886
302
749
28
654
438
717
34
123
487
893
478
577
105
773
728
510
488
780
670
561
703
448
541
558
184
238
385
849
538
658
403
573
38
978
653
647
364
791
204
302
674
942
64
656
233
835
982
432
334
920
458
157
672
266
59
353
671
452
633
72
843
712
708
728
732
100
812
775
530
714
475
769
18
538
986
600
119
61
128
269
946
115
434
242
931
515
851
762
245
765
967
574
563
9
310
442
904
504
776
595
43
485
468
593
874
812
844
434
20
47
483
742
587
688
357
678
327
87
988
798
921
170
575
503
523
520
552
820
334
553
78
279
332
355
167
237
119
715
346
677
77
142
53
625
125
155
108
484
518
105
145
423
367
698
901
562
706
981
986
102
329
58
789
739
717
859
976
723
926
554
170
550
426
512
122
951
436
802
95
77
674
82
784
830
811
138
634
345
492
90
119
986
251
16
79
35
197
94
58
69
899
805
57
414
557
494
154
507
61
597
916
790
383
316
633
9
292
919
906
899
135
951
393
275
279
616
952
971
483
220
852
912
364
178
159
465
923
168
903
546
70
269
276
648
818
541
336
498
74
346
784
563
500
832
469
677
421
487
334
29
328
263
940
476
953
893
625
686
808
199
804
778
224
696
111
346
185
825
402
465
373
972
967
19
62
83
706
952
785
171
298
443
44
126
78
683
459
285
461
46
425
926
583
594
360
529
31
527
359
723
404
967
310
333
777
615
115
359
918
246
102
873
638
636
315
856
499
612
876
555
602
925
281
709
141
535
35
43
954
291
841
667
407
510
108
830
363
958
284
105
379
678
469
477
638
825
249
196
518
138
767
865
279
850
792
492
674
35
406
263
41
940
919
628
656
818
543
954
176
715
247
235
63
232
397
749
103
911
660
316
309
849
810
631
594
402
148
654
71
378
392
338
804
16
86
9
524
896
664
685
687
685
717
120
153
813
57
865
632
618
636
875
976
238
650
74
387
426
400
105
501
946
50
153
573
511
702
782
687
307
730
186
371
131
691
778
792
645
794
141
175
862
317
289
887
73
965
25
310
487
848
596
330
694
216
194
108
430
953
922
577
705
426
724
898
336
919
364
94
835
919
14
784
409
951
231
210
98
806
988
183
557
639
344
216
856
409
671
518
514
990
25
58
649
304
870
636
442
655
844
361
253
697
306
679
730
207
436
731
932
165
457
582
960
623
827
502
948
961
891
438
263
367
205
367
620
501
912
341
513
627
0
625
611
624
708
500
165
686
707
943
252
803
436
696
579
469
909
835
983
422
867
407
185
701
271
313
321
687
542
145
850
286
593
378
839
946
527
851
276
762
202
332
173
353
279
409
282
29
152
54
953
177
191
544
317
618
107
701
214
274
779
767
576
280
878
567
676
431
665
97
507
600
937
941
943
612
727
645
637
930
402
284
553
362
143
451
973
901
321
36
313
852
170
994
442
199
279
861
518
366
881
361
58
463
593
212
859
155
229
973
855
473
647
353
158
0
76
366
770
932
153
435
224
922
192
392
907
554
356
150
525
843
277
843
7
263
507
9
411
135
473
448
980
695
91
394
53
379
23
574
858
355
616
850
431
827
955
266
468
21
30
274
978
276
31
340
711
351
965
957
707
383
222
690
344
765
479
722
910
714
563
69
457
988
905
486
838
963
135
896
208
904
34
56
880
147
403
10
441
575
732
20
151
730
343
259
245
580
708
969
527
29
951
443
594
35
41
487
568
241
127
14
635
906
626
527
801
43
979
426
247
572
805
263
331
587
134
219
913
625
650
457
777
284
480
72
134
450
756
881
980
769
502
486
755
87
564
448
987
911
164
855
105
315
459
967
214
765
857
4
709
92
238
807
863
794
87
492
14
667
678
777
989
839
684
330
384
95
296
46
714
594
897
787
300
908
503
927
536
573
576
501
550
224
800
847
785
857
235
88
769
489
695
784
583
109
871
896
716
675
434
13
883
565
699
710
63
649
821
2
486
127
176
406
619
942
668
714
67
642
37
964
297
270
623
714
617
48
226
367
165
398
471
768
882
967
862
157
440
307
143
927
605
935
687
803
313
706
983
237
725
335
603
148
837
336
102
517
864
664
291
449
406
626
731
963
684
880
976
966
449
681
50
416
964
748
849
30
430
608
807
556
525
525
683
940
268
660
735
467
300
456
687
364
722
775
592
215
198
826
661
848
442
404
275
421
574
601
900
738
626
743
448
20
426
860
516
632
580
789
515
602
628
592
44
61
569
781
936
112
865
543
553
135
748
972
217
732
48
172
643
288
108
825
46
281
326
926
950
366
661
12
439
417
102
395
158
678
387
843
875
474
538
994
562
818
562
71
709
780
513
342
739
294
568
42
412
698
37
394
828
312
295
768
433
789
527
26
448
287
677
411
702
850
547
654
356
852
70
85
58
699
793
42
283
499
403
154
127
947
504
400
581
78
414
359
491
191
584
440
629
824
333
411
106
272
80
0
106
666
827
927
292
640
806
315
584
861
140
875
854
907
304
207
116
358
618
826
79
94
351
608
636
353
196
739
629
236
763
285
474
945
422
90
717
336
237
659
250
901
141
479
953
772
346
80
914
847
931
160
771
686
94
949
808
497
881
5
396
978
544
574
870
681
318
899
674
909
443
599
465
290
548
641
299
442
864
433
433
397
808
691
181
805
310
53
327
185
862
487
56
971
759
986
934
433
18
125
561
951
634
514
565
694
487
572
364
139
651
228
682
414
393
796
68
119
23
604
877
602
774
408
1
663
513
231
282
872
432
719
117
817
282
719
835
882
499
362
575
286
519
599
126
527
27
793
766
556
311
630
608
431
990
388
827
482
263
348
490
566
526
909
930
200
772
798
569
62
249
598
887
636
38
763
774
495
8
133
834
27
111
918
284
299
453
196
66
98
681
753
358
3
192
475
246
932
347
181
366
461
463
230
625
647
506
151
581
357
602
800
937
319
245
741
726
509
724
727
102
905
760
493
384
865
382
291
942
80
239
958
694
202
137
661
562
107
194
792
36
839
308
22
13
323
716
797
509
17
337
253
430
801
158
753
516
600
503
140
853
209
107
990
702
370
963
138
268
0
796
977
38
31
345
146
647
449
260
424
861
625
335
878
95
159
795
642
149
153
45
748
262
987
691
214
262
372
59
329
686
648
188
138
26
253
435
849
762
325
108
48
872
492
117
315
402
88
729
192
349
27
453
100
676
990
742
216
276
526
864
212
981
89
370
967
335
260
795
553
483
725
52
883
907
810
492
826
889
937
237
629
375
561
287
954
876
752
168
85
244
906
394
165
620
675
727
860
820
614
413
81
295
774
721
908
298
808
22
498
536
62
167
900
398
468
578
685
167
88
453
473
59
444
638
337
700
984
490
511
726
364
531
587
450
371
137
45
260
950
559
698
216
780
554
433
506
600
483
291
900
647
337
933
63
258
286
259
554
925
460
820
793
931
431
748
610
880
475
610
90
418
110
826
418
679
472
144
941
1
157
710
278
751
710
500
358
264
654
694
572
117
993
47
641
293
426
165
752
85
140
54
582
817
862
300
211
74
123
711
604
165
881
376
336
434
798
502
360
15
902
763
299
509
236
176
379
359
127
38
311
347
25
867
723
170
547
771
444
770
196
108
779
592
475
991
253
757
561
663
599
784
465
292
756
276
574
585
471
655
943
95
577
75
70
832
610
104
976
642
222
88
475
335
146
562
890
607
852
390
365
420
784
938
745
424
58
921
398
923
861
223
861
765
359
393
49
441
633
347
890
771
603
70
688
468
6
161
132
887
397
403
893
499
104
503
78
486
205
676
51
258
347
761
427
606
866
93
603
609
911
440
12
480
577
20
607
906
784
564
358
687
588
345
328
752
772
18
901
100
215
103
68
450
175
66
20
958
873
803
543
644
973
700
366
772
263
235
404
901
785
581
294
826
863
550
731
238
860
629
238
528
429
974
653
821
926
645
356
888
112
458
373
433
683
451
869
832
374
15
248
315
160
422
844
157
908
704
750
533
328
451
350
307
117
429
414
33
646
668
258
353
907
948
94
897
422
478
145
754
935
900
165
629
162
735
993
838
437
658
502
339
333
136
716
86
300
303
322
215
183
97
647
614
117
100
234
714
520
763
569
527
250
200
136
238
644
897
925
915
208
489
751
285
795
726
222
745
846
784
948
385
818
94
817
929
228
818
150
248
937
450
634
269
88
702
450
930
802
536
414
92
305
813
329
27
206
766
589
769
813
290
955
70
157
689
933
467
796
572
553
763
204
55
486
715
173
716
312
693
160
311
453
775
664
358
779
557
660
625
99
834
21
569
800
198
206
692
794
466
89
51
318
889
570
943
759
955
880
298
680
694
809
950
149
406
845
758
304
808
196
101
511
684
886
110
727
253
770
829
840
679
956
108
499
313
478
66
653
419
217
752
393
569
925
545
839
967
57
643
893
461
315
260
284
236
541
731
991
651
74
171
415
40
30
957
639
723
212
883
240
101
0
403
494
932
487
54
502
812
418
924
775
31
815
544
6
935
129
498
341
398
598
766
269
567
67
619
306
47
838
645
45
54
348
567
856
148
274
105
355
691
508
386
55
192
838
106
91
386
412
808
728
960
237
583
321
573
641
581
868
859
399
808
860
130
386
828
29
330
120
27
766
65
124
468
631
372
172
397
734
182
614
797
316
433
634
631
669
55
35
762
564
138
314
787
838
953
204
528
324
632
394
125
383
634
300
358
386
563
794
33
113
39
495
948
674
901
826
395
849
375
363
691
758
168
89
909
780
177
64
512
198
751
757
218
503
168
599
289
568
413
716
860
802
145
688
976
284
114
96
471
343
200
9
944
507
778
229
645
728
926
868
143
828
696
148
417
723
511
627
104
482
544
993
335
516
776
301
948
241
342
85
493
328
650
244
839
336
791
431
67
783
590
881
537
984
801
13
163
815
919
805
74
386
146
68
85
16
162
729
665
252
548
181
278
699
741
147
368
282
714
11
571
178
757
670
86
121
3
821
497
864
589
401
955
668
783
288
766
320
570
767
284
851
765
124
232
328
50
737
385
187
702
568
859
583
481
331
179
719
335
805
610
646
450
793
323
260
506
750
179
163
701
931
189
891
741
870
17
556
623
395
53
233
763
947
151
704
751
941
232
918
724
936
611
267
227
14
96
294
148
339
569
666
280
52
130
254
825
729
448
969
184
485
518
735
212
398
634
88
239
293
919
348
987
189
565
44
723
493
384
28
915
21
267
314
908
99
588
827
119
705
661
408
517
278
867
188
363
2
225
184
270
818
690
226
107
10
773
636
391
123
542
4
238
414
499
120
203
286
411
759
849
138
511
204
173
87
305
535
504
362
498
686
72
839
504
724
727
88
309
444
102
492
480
465
804
598
505
92
124
401
672
902
47
553
231
711
365
668
581
734
87
542
932
100
252
10
836
573
958
329
791
221
210
442
226
28
936
160
865
922
603
389
818
565
389
800
339
68
164
883
704
534
182
231
373
542
535
20
939
896
364
111
433
966
847
820
739
577
143
495
116
944
410
190
33
472
384
406
801
176
901
582
861
510
186
178
739
844
750
577
336
335
228
759
305
76
481
517
984
458
940
380
562
313
244
825
850
8
736
193
436
990
866
756
615
367
776
875
20
853
70
614
559
378
88
318
875
686
686
731
235
866
966
761
413
451
108
745
71
674
7
153
564
25
204
944
336
467
120
499
459
9
473
736
178
982
487
510
803
354
222
503
628
535
279
824
93
763
908
402
833
846
475
563
923
81
95
880
891
630
306
67
66
153
517
948
26
427
5
9
950
904
308
479
4
627
933
291
845
569
339
90
46
725
323
362
830
293
189
388
597
169
80
882
295
624
293
614
710
393
501
906
680
589
187
944
935
919
841
967
599
301
950
36
959
572
987
747
575
371
270
529
387
174
773
228
47
567
670
658
375
341
661
490
378
451
910
103
86
214
820
579
27
945
556
732
97
192
831
71
88
108
179
16
261
63
528
266
862
497
790
44
674
101
739
196
240
968
405
572
715
984
935
787
909
757
804
537
323
649
14
924
835
140
982
837
969
364
729
246
425
130
790
465
55
723
588
875
307
944
741
203
554
330
82
528
742
187
71
489
270
266
634
549
4
954
414
194
967
762
727
917
241
447
794
334
227
597
914
297
739
625
713
63
817
93
791
546
556
79
532
410
930
822
148
413
865
167
515
601
579
387
782
232
634
30
149
965
937
779
810
856
363
96
612
731
550
309
355
213
25
129
569
236
558
64
967
104
481
984
589
334
449
342
273
243
966
608
895
69
969
615
510
609
429
902
287
828
176
860
106
573
801
573
344
603
766
394
401
438
568
28
358
43
232
511
142
314
103
908
538
421
378
582
402
482
668
960
435
771
308
396
25
662
137
140
671
695
927
886
747
833
681
273
385
668
523
591
611
535
114
707
988
868
2
397
310
782
563
658
162
812
825
479
562
53
686
231
137
318
790
495
721
926
614
365
755
594
63
381
137
411
276
156
833
517
211
364
993
939
877
258
758
311
184
27
720
652
640
387
439
236
354
526
85
439
55
101
993
39
151
322
594
782
274
347
801
195
913
978
933
498
450
522
774
251
958
951
382
786
49
968
23
767
990
380
523
291
485
184
241
695
359
290
759
22
668
153
505
167
806
790
331
352
210
609
298
26
694
108
876
476
413
123
912
622
837
519
817
974
361
251
663
660
454
632
990
438
627
278
425
102
862
487
375
249
472
197
501
454
932
411
834
7
550
942
856
977
407
698
215
186
493
116
151
554
592
465
200
989
881
589
148
275
103
258
773
529
467
858
457
66
550
300
244
724
670
959
654
827
462
447
68
657
722
283
213
930
755
203
35
199
956
688
842
40
569
394
510
124
123
722
169
605
310
370
784
117
728
805
782
559
158
782
735
317
819
707
171
933
444
352
355
319
637
728
18
530
612
148
858
779
90
329
872
832
676
303
422
82
20
171
260
793
398
211
729
624
642
807
570
189
606
558
926
788
682
489
470
630
362
818
655
584
34
775
597
528
884
28
215
507
13
0
742
481
479
923
94
211
544
713
859
944
837
886
384
904
805
692
562
186
489
132
810
675
162
109
940
770
252
131
405
82
461
935
900
222
950
312
45
729
35
781
314
498
812
371
412
747
885
582
674
452
210
804
84
259
9
934
141
469
728
530
749
324
743
32
25
864
755
656
874
989
673
358
194
811
973
789
228
365
445
737
957
828
528
440
84
832
461
338
347
131
734
391
99
912
452
663
863
347
591
139
96
321
254
773
186
441
476
724
266
204
356
153
318
806
747
594
551
702
55
971
197
881
205
277
212
241
239
762
778
763
548
40
804
175
179
624
70
661
362
834
142
785
822
544
635
185
216
154
874
702
485
487
589
757
901
576
853
198
911
241
67
726
976
238
364
19
140
258
634
885
17
408
847
650
601
940
276
521
320
914
846
202
412
129
752
211
5
172
124
255
786
687
575
934
623
926
256
433
18
542
862
305
838
141
225
522
460
493
801
866
748
468
688
341
476
638
529
884
875
339
14
749
272
329
587
25
992
603
250
496
36
879
346
780
206
184
637
745
900
540
976
709
988
265
311
531
587
392
920
659
182
925
258
459
707
210
903
633
989
278
781
390
173
461
952
16
623
436
955
969
146
943
988
193
81
991
833
198
459
765
901
897
155
766
411
386
485
643
221
771
781
959
603
273
816
764
767
922
204
80
747
79
326
655
939
569
598
180
361
759
385
789
455
991
187
339
166
828
365
918
726
382
928
400
663
396
681
334
248
311
325
366
728
357
978
528
578
929
930
27
975
893
274
20
866
128
635
678
935
685
87
236
976
182
766
42
261
476
942
767
649
747
584
664
473
943
761
402
290
154
767
529
38
16
929
665
291
302
886
559
698
5
205
893
2
754
24
262
425
311
670
0
711
738
983
749
367
505
409
414
325
114
844
824
660
14
596
994
523
615
668
889
53
784
194
764
642
892
692
853
568
640
465
776
566
109
371
338
806
153
959
578
294
155
954
793
521
264
717
951
75
784
611
394
554
57
782
958
208
172
182
751
371
282
379
457
912
652
115
876
667
635
241
599
893
791
199
907
842
858
984
44
446
918
68
508
313
152
561
795
287
784
655
0
920
478
67
981
453
52
61
596
985
773
555
948
901
684
472
345
681
110
622
467
694
545
169
566
794
288
808
979
890
653
688
978
118
531
193
165
544
992
707
781
933
135
686
192
402
836
240
322
429
270
901
511
224
875
146
202
919
363
604
69
804
735
129
907
292
660
95
171
140
607
658
330
15
950
97
534
274
68
515
718
588
554
945
178
819
350
883
14
386
10
161
142
192
632
222
541
123
133
678
299
946
80
295
524
505
335
397
679
926
708
127
917
789
367
744
62
975
388
749
486
241
897
424
772
455
414
992
162
754
608
592
980
869
568
718
92
188
665
83
871
299
593
206
911
58
793
444
494
419
428
638
155
720
310
918
220
358
712
878
803
217
787
616
51
660
365
950
473
277
307
480
234
65
243
945
653
315
357
876
923
906
202
298
13
332
912
844
853
375
59
586
741
35
262
333
226
852
269
361
385
639
514
989
322
144
336
609
655
172
990
351
551
296
246
884
183
166
848
414
880
303
460
231
199
140
626
27
895
935
253
351
588
247
629
544
961
428
426
758
850
918
309
667
205
810
692
791
832
487
21
449
271
126
254
705
335
12
865
839
128
775
360
307
944
865
504
320
325
770
897
779
691
818
67
420
482
622
286
692
341
568
641
235
952
119
181
321
480
62
960
197
895
284
849
775
701
40
182
720
222
217
188
618
497
597
926
511
138
621
650
868
701
757
68
598
282
215
722
660
599
279
759
432
632
342
604
913
26
256
822
596
700
484
226
782
65
229
457
947
702
476
829
769
206
813
820
273
704
610
701
725
32
124
95
725
952
980
766
169
794
435
904
702
863
713
172
605
509
935
349
867
387
930
53
821
339
487
924
472
733
631
102
298
453
660
147
244
683
800
650
212
654
614
628
431
925
443
359
726
388
484
927
816
197
357
747
499
959
342
440
752
130
835
161
570
126
961
75
547
113
636
881
143
287
907
613
770
552
840
519
862
30
660
901
292
325
537
840
629
716
838
274
100
343
383
711
30
352
743
870
261
494
487
807
911
953
713
821
536
412
205
236
795
147
76
340
509
786
728
264
964
694
673
241
267
225
630
769
563
222
254
496
958
823
688
139
31
307
158
745
826
18
677
656
628
690
154
913
455
306
952
723
992
350
338
364
383
959
13
363
861
572
413
226
352
832
339
840
472
395
804
832
758
778
253
462
284
953
414
416
152
433
550
746
994
662
957
436
788
279
134
618
30
237
220
281
659
251
958
311
901
980
622
171
425
346
990
71
257
918
986
471
195
949
961
932
368
562
384
817
141
876
140
113
448
496
375
697
301
312
437
740
96
80
165
405
120
157
528
100
616
859
378
549
537
494
800
496
180
581
495
502
732
148
325
437
931
828
186
444
772
521
177
797
616
721
39
941
799
271
780
86
260
200
474
207
526
436
131
25
984
779
800
406
126
90
989
59
88
879
696
779
832
656
536
508
778
33
607
367
825
443
959
437
399
605
827
567
173
26
21
511
899
903
261
941
956
533
560
385
925
685
96
887
886
34
500
405
821
487
944
117
904
439
791
654
332
354
169
86
690
760
343
636
897
806
360
816
70
576
931
121
773
156
338
733
656
1
594
935
349
476
42
422
331
606
6
784
427
917
157
516
287
46
824
282
384
109
446
87
816
276
101
831
365
792
53
185
83
714
68
113
17
83
243
490
437
700
63
140
386
834
416
182
177
43
342
304
3
110
307
456
699
598
0
812
236
686
671
378
480
148
305
395
473
120
973
925
336
950
157
248
734
795
796
444
877
828
462
564
703
960
989
849
182
619
629
146
342
723
836
344
953
329
509
862
554
431
690
422
866
390
437
81
583
7
884
463
747
779
252
207
66
89
900
212
787
963
417
45
941
78
33
864
54
872
622
603
710
425
72
674
839
410
500
501
619
778
778
182
746
191
318
170
833
826
112
545
468
509
808
452
721
920
462
607
664
732
495
357
703
860
474
585
481
600
121
986
364
407
97
569
489
163
110
969
765
373
943
245
167
321
155
868
165
428
226
474
195
201
310
422
538
900
655
672
171
810
237
588
668
240
244
123
514
745
461
731
668
920
819
630
681
857
790
445
179
973
674
231
950
175
254
805
656
387
706
763
398
475
190
131
474
56
936
594
821
319
399
446
725
99
313
768
760
422
433
304
976
636
82
374
824
665
445
623
374
386
270
922
1
179
207
685
799
653
972
6
660
218
177
506
60
610
484
516
438
839
755
147
210
902
508
250
177
560
107
739
566
978
978
631
609
481
136
292
8
713
230
865
547
623
581
481
533
179
477
830
632
426
276
78
318
666
966
418
3
621
975
680
614
313
187
214
394
991
430
893
287
892
938
693
560
698
484
137
834
683
329
333
993
166
445
693
184
439
804
278
341
752
5
772
584
864
883
524
13
691
389
578
423
183
220
731
865
963
628
709
775
598
57
96
2
166
26
428
989
833
339
922
933
506
242
548
670
12
943
879
833
494
633
18
785
502
814
960
506
942
684
440
853
639
980
712
290
357
685
128
363
303
752
280
134
838
51
391
882
789
546
236
428
76
852
187
589
565
140
336
423
36
547
334
80
690
325
609
272
432
877
887
723
94
247
451
44
128
495
438
986
968
889
610
254
940
783
335
384
971
517
272
744
646
879
195
19
961
11
582
958
48
932
161
936
491
411
355
944
416
41
728
693
316
156
782
651
758
443
186
809
568
722
398
324
595
916
895
128
415
760
613
78
260
428
59
182
300
884
581
955
936
451
605
92
140
692
211
61
910
616
401
607
40
732
549
507
720
511
909
303
411
433
926
387
240
791
966
62
556
243
516
919
867
983
359
336
88
496
208
472
333
597
300
851
766
746
6
181
779
425
79
700
641
574
297
303
203
177
381
3
517
127
703
577
333
803
132
596
187
886
386
176
569
169
810
472
939
455
976
41
581
883
624
800
288
274
589
717
607
550
968
863
883
647
474
964
661
651
64
242
125
486
332
700
113
830
692
981
895
552
377
132
363
380
456
712
433
229
588
118
614
80
938
828
283
33
795
88
908
770
694
268
796
402
532
65
952
308
986
503
724
508
772
630
429
705
663
747
731
79
37
901
764
713
605
513
979
495
416
796
606
86
617
2
100
695
561
213
427
256
742
994
129
581
665
876
39
267
310
229
325
978
938
8
938
74
231
351
883
404
204
984
766
610
369
27
951
86
508
761
260
269
962
772
511
87
959
654
526
613
443
550
0
448
143
719
550
532
118
219
748
650
786
963
154
143
581
379
615
887
657
962
903
109
829
248
350
906
722
717
704
259
382
500
604
414
106
801
982
605
936
312
660
309
416
136
775
163
388
986
207
246
421
915
115
182
162
926
777
276
164
587
483
704
236
816
728
575
979
812
308
536
332
274
768
511
78
884
664
26
67
358
497
550
518
46
747
289
116
680
454
768
883
570
754
758
673
9
597
960
915
716
202
173
726
563
262
604
859
764
863
373
934
506
959
177
406
805
861
598
170
223
648
594
378
52
536
72
958
401
250
770
601
720
168
65
445
92
586
533
589
873
704
811
520
162
59
416
957
681
19
888
316
867
611
97
755
14
344
929
221
474
941
446
81
373
966
834
22
86
939
481
674
531
301
834
926
189
765
689
406
377
849
37
532
546
165
520
758
829
829
326
960
411
834
2
800
901
330
790
798
227
985
764
240
178
316
989
518
287
390
7
499
298
906
728
495
35
556
44
986
303
672
226
864
910
879
601
933
826
876
772
773
19
836
978
486
528
965
313
788
926
583
649
955
274
701
489
532
463
569
23
404
921
699
141
789
264
11
403
915
779
346
274
665
413
281
384
319
993
295
981
534
540
648
156
139
521
44
874
841
83
865
521
65
426
280
909
61
644
528
613
259
618
12
792
269
693
254
539
202
329
652
270
237
947
76
495
965
870
600
983
957
236
596
86
124
555
947
767
978
698
801
836
602
759
395
459
28
594
578
215
287
529
485
680
721
67
325
545
135
233
736
186
453
636
247
732
74
113
308
616
623
342
162
646
31
781
215
873
879
674
932
511
776
12
325
408
61
821
880
780
498
311
570
97
900
854
740
254
233
221
138
589
838
822
61
410
610
268
569
239
351
950
85
271
548
994
54
976
701
371
532
238
792
583
297
827
104
75
801
696
497
869
794
845
541
50
499
374
218
889
396
695
871
772
354
701
15
192
411
196
899
507
908
705
544
518
760
474
527
84
546
158
329
702
849
622
224
133
693
992
573
776
159
959
386
938
363
285
241
671
760
300
341
370
288
199
251
41
286
827
42
540
335
778
994
31
956
524
735
219
981
511
563
86
792
169
170
91
991
899
324
61
91
397
47
375
607
638
816
250
726
390
856
468
880
38
75
125
0
76
317
542
992
777
784
849
916
978
926
314
629
238
4
912
268
133
527
404
786
832
240
400
813
584
761
3
605
234
180
750
461
516
851
743
63
347
360
97
262
958
138
43
624
414
523
404
559
605
188
246
247
658
525
112
706
260
559
390
231
284
968
953
80
855
419
430
884
785
979
158
369
172
612
162
36
886
765
202
387
556
959
279
699
525
884
836
821
409
794
256
633
718
391
83
708
170
42
986
461
274
233
290
547
42
370
397
588
587
607
645
329
775
225
416
203
81
158
596
904
172
715
84
958
962
154
66
470
132
722
652
226
412
125
509
65
470
688
934
926
308
538
156
386
783
930
291
433
156
484
927
353
54
478
976
962
844
493
961
125
832
728
814
482
319
916
689
581
198
470
305
78
349
533
869
490
751
32
693
241
979
257
124
776
423
614
668
617
360
159
737
707
823
99
589
72
946
176
899
871
404
803
490
166
410
174
579
260
676
98
266
426
635
280
680
837
243
741
749
955
692
647
285
424
406
419
623
270
675
58
14
749
577
824
324
414
729
5
857
12
800
244
428
790
746
214
48
307
55
527
194
198
487
712
714
766
180
861
167
969
126
885
528
273
621
784
101
363
481
162
490
14
290
265
581
425
450
247
565
385
210
891
87
69
352
96
894
911
846
452
374
97
241
954
691
183
216
396
456
342
406
240
116
4
146
42
537
241
589
37
709
285
368
488
644
430
636
516
222
347
265
583
881
249
627
577
823
611
424
417
499
202
713
406
143
935
391
180
209
765
176
872
550
46
220
391
463
123
446
929
650
750
724
802
620
644
131
390
918
25
561
489
181
294
221
772
900
14
487
920
544
196
84
138
468
598
476
80
5
64
902
16
990
143
523
835
859
270
645
913
494
407
298
228
914
691
734
14
64
903
8
295
727
657
14
943
132
106
108
632
361
604
671
899
432
245
737
852
548
294
227
366
672
726
21
547
476
679
714
225
274
301
551
497
605
779
690
116
711
507
817
208
256
139
715
189
316
136
296
5
854
737
389
695
542
617
441
266
99
467
143
59
87
635
935
564
380
460
327
319
359
367
799
733
286
937
324
170
185
121
253
177
0
391
703
911
739
330
469
922
863
175
671
78
102
121
605
258
544
912
309
532
910
921
699
889
432
279
369
332
55
869
352
43
299
966
623
628
304
923
305
884
340
57
28
380
380
982
304
217
81
964
171
706
876
426
862
310
803
765
826
103
944
810
821
314
499
537
558
863
759
729
806
666
432
978
631
467
107
2
2
360
878
587
780
700
642
696
819
39
644
962
551
831
677
743
424
277
326
173
210
115
477
23
113
527
527
164
512
358
481
226
67
533
456
684
815
464
948
953
20
253
576
230
275
55
880
739
739
562
302
870
142
635
252
975
474
303
862
132
432
958
892
28
689
412
858
147
445
461
613
890
805
224
110
816
884
954
302
272
735
174
808
730
618
27
157
877
397
494
160
958
286
689
322
326
559
642
881
123
295
360
491
982
675
519
383
248
943
147
311
593
549
753
407
349
683
7
637
547
978
608
478
752
737
337
984
123
774
253
491
572
649
955
701
75
740
478
179
881
450
625
705
380
539
125
389
492
482
492
856
48
536
739
375
362
123
181
266
236
33
290
510
59
910
366
101
182
475
908
158
805
848
49
735
606
584
40
599
20
840
895
289
623
447
408
252
365
572
365
843
329
31
726
569
769
299
433
982
583
696
68
374
904
316
201
380
685
633
227
500
35
109
681
557
912
276
644
994
300
423
512
135
162
162
615
291
832
794
435
87
135
805
845
21
238
254
754
882
847
501
654
478
312
214
166
542
381
131
337
853
140
844
592
909
94
425
477
716
837
372
1
766
825
269
266
423
618
74
261
542
777
910
65
412
955
19
576
716
13
266
799
554
17
743
42
243
849
600
952
18
631
418
285
509
629
348
159
307
491
206
378
727
496
806
726
486
321
874
366
743
266
950
633
683
202
889
123
630
535
671
714
404
359
464
418
618
547
99
150
282
19
367
387
180
495
881
490
253
166
479
755
321
273
586
788
318
335
328
557
429
875
502
595
347
751
128
173
207
942
590
857
601
431
80
913
524
122
395
37
941
79
919
551
272
276
45
920
888
898
990
389
491
746
748
10
985
673
314
890
399
118
410
369
168
645
429
941
73
210
203
410
42
140
39
187
894
330
293
965
326
949
630
94
87
914
51
578
843
899
679
682
816
113
380
930
767
105
97
42
835
964
70
798
80
834
975
41
566
246
257
983
410
95
915
950
50
62
429
61
740
172
331
834
292
802
549
932
594
875
604
856
827
109
208
556
718
228
43
983
560
787
922
244
421
705
860
676
191
27
985
467
3
466
774
509
826
213
435
111
977
27
855
877
578
234
82
465
59
357
748
203
173
124
708
552
2
427
446
269
955
331
812
490
880
558
135
661
833
72
498
993
404
193
884
403
919
472
446
278
190
918
182
223
42
510
60
857
280
870
510
138
337
929
161
135
270
796
583
232
589
652
886
652
747
462
877
793
34
358
658
476
21
184
544
244
755
254
316
79
263
618
902
473
13
224
864
618
608
154
77
562
953
839
421
621
790
462
444
972
704
961
213
312
332
139
17
681
702
891
825
178
442
431
870
863
766
307
33
537
101
498
276
97
358
448
814
139
961
712
124
167
886
293
541
65
102
924
804
979
152
657
310
521
682
736
696
168
160
490
936
245
129
159
776
288
994
787
186
586
344
234
161
877
463
899
72
575
53
501
502
662
597
157
452
453
346
358
589
611
405
56
226
510
959
691
555
798
322
501
763
229
912
389
519
170
277
790
506
25
474
544
640
632
374
321
783
135
659
483
833
191
551
254
308
424
684
939
663
925
748
617
897
147
64
3
155
113
426
541
391
938
295
625
535
741
476
612
778
624
355
898
179
258
878
583
55
535
387
315
197
277
633
883
286
466
327
693
513
559
788
686
896
495
376
625
359
587
668
462
222
234
531
472
468
410
561
285
702
262
600
327
485
696
486
341
443
817
404
498
320
134
809
363
879
17
94
394
470
568
826
961
805
91
790
861
553
598
567
101
48
527
989
391
561
466
443
127
465
49
394
706
580
456
525
176
171
752
138
666
992
196
532
824
18
987
610
515
418
499
820
287
838
677
297
859
853
712
986
562
992
175
306
970
852
658
848
346
118
923
584
237
654
637
911
566
216
483
966
881
574
131
613
872
484
615
511
318
149
109
921
477
461
605
803
663
768
117
112
92
402
973
213
358
844
542
743
956
21
206
220
898
706
716
253
177
945
207
330
111
779
777
583
762
566
603
218
467
787
438
821
254
73
103
56
421
965
78
790
725
900
466
221
716
562
819
968
538
930
922
828
145
108
510
311
212
26
987
776
240
228
718
730
195
841
34
220
858
3
241
402
491
60
94
708
672
93
691
93
364
306
756
420
923
195
161
171
574
535
113
136
108
519
30
86
912
648
51
953
325
340
422
355
967
511
504
928
521
838
899
424
356
763
354
18
847
780
345
923
891
38
52
95
821
732
153
172
452
436
265
959
91
867
201
947
419
475
63
507
914
590
201
929
38
767
417
488
737
482
372
253
67
174
90
626
370
341
586
102
503
216
141
948
720
294
403
357
332
962
643
570
132
258
641
627
503
701
362
347
633
239
417
214
665
43
417
122
807
231
782
833
318
354
268
464
994
715
414
210
384
654
496
137
39
22
946
744
436
306
213
680
833
22
954
969
23
176
100
871
383
973
642
474
819
130
389
932
63
470
723
446
631
990
304
723
338
725
134
136
359
342
745
346
191
788
451
767
527
772
282
850
868
353
254
784
12
523
670
4
848
195
741
413
953
556
538
248
42
522
359
919
146
523
902
404
634
697
270
137
226
198
656
688
189
106
885
982
575
273
234
74
748
163
843
199
759
665
45
124
184
751
69
422
776
683
426
809
984
539
872
371
615
691
178
933
243
958
246
771
796
165
917
136
514
865
686
235
913
247
865
656
814
98
343
292
362
204
761
355
977
459
252
253
738
384
14
559
36
898
943
610
666
582
321
822
431
841
756
141
954
927
356
671
227
961
524
932
376
671
219
843
555
900
591
14
489
508
761
701
8
671
274
264
281
315
55
733
732
749
182
815
530
426
483
375
417
134
89
164
188
825
352
550
407
823
221
556
190
896
924
670
651
558
167
566
465
585
283
979
270
701
774
791
91
128
443
489
832
642
745
105
805
713
624
888
763
142
773
931
408
719
602
201
366
393
462
473
667
368
493
22
412
838
362
811
840
965
484
629
344
937
834
352
901
117
306
366
438
429
642
52
39
457
461
939
542
824
395
329
92
919
519
697
230
172
311
691
940
538
0
927
459
261
919
385
54
222
611
754
106
889
636
647
610
146
944
226
931
843
330
403
66
597
814
584
894
637
357
404
942
443
850
910
819
281
669
213
256
553
117
553
851
549
923
521
872
855
749
55
249
535
762
672
696
880
981
518
360
457
651
427
491
908
982
620
918
4
964
290
691
138
389
652
966
703
218
979
606
443
513
353
9
105
563
858
744
693
542
432
255
689
68
340
266
654
233
992
83
895
287
667
731
920
905
288
974
636
187
585
691
510
790
479
641
137
465
702
754
935
955
410
70
79
750
665
186
982
424
493
684
303
308
412
195
464
195
223
930
566
161
99
444
658
270
964
852
124
807
498
444
294
910
6
558
117
938
965
846
167
712
968
647
53
782
247
848
833
226
187
956
847
44
712
171
971
220
523
209
222
538
877
332
272
833
793
413
386
7
192
231
32
170
806
153
377
659
466
192
803
74
566
40
438
499
528
1
746
213
294
990
273
443
845
627
507
669
211
169
138
760
263
631
833
609
281
614
47
441
103
430
263
807
345
54
580
389
260
949
479
88
345
319
68
647
56
366
309
902
582
372
108
31
926
869
376
690
194
925
750
808
313
762
882
655
285
74
778
439
212
258
104
153
432
471
860
362
339
781
456
841
465
7
609
429
857
732
345
244
745
922
758
497
59
878
66
382
370
896
990
182
498
928
470
653
986
517
154
864
501
956
250
131
199
137
861
447
978
667
939
855
671
116
794
398
988
718
85
948
497
848
89
131
514
589
94
489
385
154
679
758
344
694
800
525
714
840
561
734
85
730
733
722
602
655
186
936
627
480
528
424
409
805
546
214
651
530
125
163
422
804
703
453
944
650
595
927
615
378
712
667
655
782
767
714
696
585
251
696
749
876
969
112
883
496
422
455
273
44
591
3
92
989
519
906
203
727
276
655
470
581
712
152
982
938
927
729
524
300
945
272
60
657
889
958
181
37
535
902
922
981
888
616
561
911
220
637
598
702
691
957
389
546
676
669
499
261
550
273
180
273
760
395
86
350
839
225
711
721
937
813
812
604
508
617
451
318
711
939
252
112
210
803
832
533
19
604
365
698
276
293
662
44
845
310
346
277
875
340
6
75
612
78
526
615
23
569
308
591
991
404
186
377
246
894
682
139
271
776
327
303
167
276
513
437
415
378
755
814
231
94
863
116
424
894
992
507
319
210
371
120
656
633
860
210
73
946
540
699
184
265
806
649
67
572
673
50
383
952
281
906
226
13
834
919
327
731
715
127
100
899
570
881
662
263
972
221
860
215
305
977
35
445
254
556
208
992
623
961
260
506
836
811
460
16
874
410
818
468
230
489
595
359
778
319
356
183
466
816
990
256
975
60
216
317
718
19
76
644
750
737
289
973
468
122
223
314
300
374
647
845
822
862
571
597
310
413
726
44
817
341
583
967
732
514
65
42
724
398
514
8
979
631
840
404
731
12
168
560
961
776
757
154
521
86
545
155
666
62
936
986
586
435
302
863
226
833
936
752
347
888
94
280
653
76
63
790
371
756
235
252
710
297
503
140
285
123
283
538
554
663
83
662
176
695
407
581
156
82
548
621
554
204
705
966
643
403
743
231
213
494
826
366
57
106
96
210
495
904
529
955
119
985
201
441
872
545
53
668
83
795
534
148
817
508
448
718
742
834
494
253
329
220
237
278
120
913
308
850
667
401
1
270
447
260
551
923
143
370
823
610
488
190
295
720
942
637
708
407
283
697
107
467
445
53
301
896
820
273
435
318
427
920
604
199
334
523
129
692
135
899
554
98
98
524
69
435
175
534
548
468
11
903
209
418
596
741
345
77
326
91
492
546
714
706
945
791
264
246
420
284
488
851
354
546
423
807
260
129
524
935
293
495
214
681
159
702
34
440
345
249
711
440
669
358
277
739
53
146
673
158
436
446
358
802
913
886
603
694
22
699
390
343
405
67
105
547
180
344
376
686
350
339
928
596
42
867
363
820
345
343
452
370
962
629
687
328
66
579
446
649
82
663
381
187
593
833
431
540
754
405
34
685
160
905
976
325
506
191
715
887
899
689
683
716
96
729
755
383
554
881
749
368
820
950
419
298
169
868
371
693
274
857
841
807
243
550
350
416
14
340
777
588
921
168
659
367
978
82
946
941
118
392
869
438
611
969
88
596
654
239
639
765
908
706
993
352
911
550
711
485
991
439
169
99
476
137
125
661
858
688
790
880
749
798
529
261
382
908
216
37
653
840
878
220
778
348
182
547
751
770
853
7
85
133
393
193
473
311
767
236
319
745
240
107
284
930
874
205
452
292
733
795
950
508
282
438
321
192
0
820
278
814
870
599
65
273
824
574
909
962
1
352
807
355
203
934
161
16
807
33
617
779
766
741
879
324
456
223
935
531
611
306
870
416
602
582
72
850
923
441
361
396
918
519
414
527
330
748
491
201
531
556
473
242
967
109
926
222
569
500
895
663
664
586
950
89
318
748
53
184
696
300
691
631
597
337
865
432
44
853
357
343
367
562
989
42
133
444
597
817
710
315
467
253
429
728
394
32
661
414
464
326
422
48
72
402
552
595
816
880
813
628
346
26
825
967
357
602
18
821
520
506
522
49
306
942
215
520
203
275
838
699
237
770
622
289
184
340
516
635
345
83
707
900
361
822
916
243
39
221
460
277
812
777
75
893
107
248
28
988
436
84
55
85
961
373
285
906
728
451
429
944
725
616
152
590
660
846
710
64
123
103
710
495
693
826
985
601
486
637
474
165
384
594
193
182
369
524
320
887
159
819
692
20
459
698
969
579
168
500
151
240
889
681
35
772
336
377
818
431
136
935
925
71
978
734
769
784
4
592
298
390
642
581
670
446
517
661
681
856
0
508
118
876
655
183
538
212
974
766
680
398
196
921
921
4
484
356
122
169
200
597
404
59
334
122
439
283
875
696
11
901
282
198
746
791
825
404
293
151
290
297
113
743
910
206
821
32
397
634
819
600
282
146
665
604
822
539
784
639
277
854
673
315
191
17
991
171
251
795
652
875
979
801
214
663
525
333
719
751
641
731
396
165
14
599
424
632
898
375
467
542
238
287
433
692
248
306
434
487
782
756
866
572
661
506
20
288
406
176
597
311
977
684
250
773
303
527
47
695
520
550
702
30
329
726
348
780
871
335
341
675
128
187
918
500
946
94
123
898
449
530
732
641
686
554
847
481
162
368
894
629
54
595
927
503
684
255
328
842
182
563
989
538
897
293
616
457
825
49
552
428
718
0
362
993
476
830
174
6
897
365
564
118
754
106
799
344
771
271
903
303
26
174
237
407
968
652
938
468
266
252
901
162
340
98
573
686
667
84
393
522
589
750
329
511
520
450
441
746
405
750
274
615
299
836
303
71
41
515
642
733
74
806
701
727
630
628
482
107
616
845
812
717
763
181
869
908
849
739
939
835
13
733
564
421
485
751
866
920
461
355
88
827
9
140
46
336
507
307
622
974
383
789
64
63
374
398
259
474
103
43
116
14
151
70
384
908
452
902
371
397
330
674
342
142
142
313
461
231
118
610
615
866
650
106
526
355
984
185
153
993
959
822
497
553
280
400
590
467
498
596
568
614
803
75
528
575
464
635
54
435
729
914
72
951
909
151
44
521
247
526
282
726
192
688
594
473
770
421
334
551
654
228
361
310
689
536
418
496
751
493
856
727
885
852
739
14
873
365
830
645
575
55
167
446
605
326
388
617
181
360
327
831
235
309
840
986
266
7
270
923
671
428
487
